550 55 10 28
56967 95481 90562 76181 91977 41332 64409 52488 93692 78066
51730 70857 74606 98337 55678 21183 28767 22211 67505 31495
9921 24716 58780 18761 59549 56452 66533 26200 55187 88106
33329 52866 83864 85848 75120 55451 36429 57554 50825 75879
27691 60686 96756 75540 38556 77653 51223 2582 66216 59956
84724 87346 7464 37005 19137 50408 69220 37360 13086 16348
37977 74524 38035 72445 21550 80266 68180 80581 56721 82652
25928 84425 47357 43509 37849 72198 28897 50642 44149 51108
64604 68322 25176 97972 73241 50899 56232 65927 5051 87154
37927 69468 4545 45070 67229 96633 82246 58746 38537 21666
93422 61295 85772 20083 20029 9073 44549 98815 17507 51697
50698 78451 95519 34413 76901 54685 52604 63919 46647 76495
31221 52400 64746 30826 75583 25550 94148 11073 1819 45062
94763 32302 8995 79921 47291 40771 29744 85265 18390 48283
11109 27395 92935 56579 83447 4097 57761 83855 94149 46212
44303 5874 16939 34044 25980 1812 87525 26150 74688 16274
97044 60396 81633 69762 64053 19662 64707 51051 2989 82272
8598 76191 43805 11953 78067 73329 10745 97399 21889 64241
73712 16700 65838 29700 17702 54934 95807 21379 92150 21462
92944 9018 58317 13085 17021 78000 77669 81643 27341 89487
34750 95793 72634 47696 82082 18066 27849 81539 26159 56132
41243 57710 88012 10047 12829 42321 7998 41501 88693 3171
52429 80710 67189 65492 23897 4406 85583 47803 30034 84327
66534 6321 60439 80209 16003 166 35637 46953 18312 43251
23160 15013 29680 70551 86022 17691 68747 48754 76767 15123
2020 13362 6775 26415 96182 47966 86365 91639 20680 53526
34980 89760 51807 98044 80815 44986 56229 83175 40119 14791
15782 15552 68801 59061 12343 33085 69045 46126 12339 28560
72852 83609 37648 40031 36890 56385 44584 62667 21068 13981
94993 56429 16881 51373 96379 98840 16539 80085 91041 42465
79446 14320 10221 65643 3440 52797 31056 33216 30638 87967
84649 50046 61705 29263 83461 50718 86080 98905 23197 17770
78399 68372 13784 14953 55797 8625 50760 24333 44780 1465
31833 63204 55993 57747 72528 94137 40451 48401 66982 11369
27267 96709 82202 72386 63592 38931 55473 50352 9225 28841
132 58878 73071 52309 71768 28103 73757 78463 91964 70200
22138 41190 60626 11731 8351 53938 25679 23258 19683 41851
24406 52851 31013 20189 50971 2656 2807 37508 62861 74469
73868 27869 26911 5326 23777 75063 68564 51554 17608 53515
22855 96120 14758 95373 40148 16578 42735 95975 45075 16923
75819 46213 76867 22563 74846 5916 10210 34281 73635 18705
89836 82514 83754 17832 93693 3270 12810 70367 69088 17275
41959 27653 88067 67881 46707 80168 68067 23689 79062 69172
94875 84795 98326 90225 441 27048 78584 31861 50049 83575
77897 77827 25605 27780 52552 40662 77722 40970 67075 37818
18879 68955 280 89179 72676 31541 47095 63488 88976 1834
45046 68612 7412 34767 79095 47845 35736 39839 14619 4265
79779 61769 85047 15416 98553 15629 50807 12495 38382 34033
14433 62232 79107 58708 76461 19044 48563 33830 95451 51429
65166 37528 17276 52258 26596 18357 92371 4857 28207 85866
41737 92842 48383 97161 60040 55364 10138 67387 88989 58298
64482 66474 4591 38526 93292 74444 31806 60140 97168 78566
11372 16822 74013 77212 66752 92 88940 92742 69054 69533
13159 45873 29097 5971 14962 17238 2921 12372 70156 86445
47102 4702 33574 54955 29535 3951 75493 82040 82866 98999