486 54 9 32
50068 49158 60444 10168 7246 25553 30108 70395 91045
31691 81539 35431 60336 1815 68333 61807 71610 76298
11274 91433 65743 64594 24493 51783 21777 3784 11082
15571 37019 10346 41617 59336 96085 61625 93948 47324
41660 43736 54406 99188 13611 65217 69301 40449 4536
65678 82792 93391 42776 9681 93236 6204 57642 6464
79721 80478 35902 17358 63125 6473 90189 55956 58971
1972 46679 28442 57904 88106 66800 32776 1735 99655
18821 3002 99178 8160 33191 25153 41080 16443 56879
6509 16821 42747 6558 48878 99235 67918 21886 32543
59729 26074 92394 61612 61122 19523 84715 44246 64038
73878 73284 30147 22450 57309 91725 78067 66000 56000
46695 50135 15146 33296 63514 69648 31228 18607 76605
82542 75862 44230 23899 18319 3415 88647 95816 49384
80873 74761 64988 44450 23640 38739 26667 5262 40690
98564 16850 30952 40307 40980 47058 40972 28461 8134
29331 18787 66746 68707 88607 23418 77821 29428 40500
57119 34337 89080 90564 22835 41125 35833 46580 82665
84270 4411 75585 73106 80872 1502 12865 83108 89617
29966 34252 46349 86687 16294 4336 92594 45321 60846
10829 69178 38974 22793 9708 93298 74998 89332 34734
97788 96825 21732 38914 64285 31157 5096 34611 84396
62724 2299 60516 2812 26671 28667 74910 87685 48010
28503 23462 50865 47493 81759 68421 84545 93679 98626
28827 36384 37237 46133 32143 9091 90123 79359 46017
7808 44293 19320 60691 29375 41058 30342 54603 63617
71413 11925 69206 11488 62195 9269 18672 74996 73822
23379 43295 38307 8211 76362 76887 59888 60915 18506
89841 16112 38321 80182 11837 61055 82610 76902 56288
35152 69033 77865 27578 87578 83850 88487 67603 70057
65538 64094 32143 63716 67655 73913 68438 96195 4574
99614 82781 68251 16990 68961 23688 41157 27365 76413
45346 86509 30144 76973 6710 73814 4844 47416 97464
9871 53693 26254 84521 15653 21966 80706 31718 67621
92194 74452 75977 29584 14497 55026 3292 71735 13456
71774 36408 21435 73133 40900 15432 57564 99948 33222
44584 6945 94281 12187 28724 96730 28213 73830 31834
32893 70398 56293 23130 28725 66797 71911 23841 13719
19931 56727 47763 69383 80457 5246 34139 99409 98824
65218 28464 50408 73161 74717 26481 62181 6497 88287
51875 8414 46446 44457 12487 87265 27092 82575 43113
98980 18658 28281 90752 62239 2626 15979 66276 13811
38865 92621 35102 86893 26987 29181 5627 58279 10457
44137 86801 33292 49421 52167 40167 69489 94998 31854
14137 4281 18673 77880 48741 38901 29675 15713 14791
88357 51558 73669 9054 93382 21384 69089 14649 54630
23711 62860 93797 75117 53620 87653 84133 85376 12447
43625 95552 26506 73023 93834 35309 26818 56055 45510
16950 88336 61746 54746 26312 78658 96456 29051 69790
47291 47747 66340 81425 2545 90061 38778 37300 14672
9615 31795 44250 11854 65050 72127 33508 50803 95203
39539 20853 1721 44637 55003 10601 20452 84820 58368
86840 70925 42205 45384 21548 64790 70103 77708 92425
17730 19238 88957 99506 74076 87466 93970 62589 4888