948 158 6 862
28202 93067 12540 42383 87454 84137
43829 49700 94060 94867 742 84087
21138 44311 32360 65310 86631 84502
36445 13783 27183 81281 31475 10694
16591 83494 23022 3045 3448 65212
38478 68488 21631 57355 62020 32737
48113 31035 99000 68337 76347 89148
27176 4505 7894 26268 65930 83971
92853 9219 95174 67284 49690 10859
38464 86663 79676 33788 11524 3687
90595 97531 81735 44118 31172 140
48065 47981 66753 14607 23318 62628
44372 15074 77066 93573 12630 97010
6673 20633 30457 75564 98021 352
52629 1398 41624 94185 3088 44507
27100 45834 92815 30757 81076 29562
98015 66120 80483 22217 26738 21604
34597 76148 42275 43615 76347 10401
76688 66034 88707 79776 31381 92319
26143 12176 97786 4496 83473 46973
38212 84067 96324 7727 13716 8172
26895 60082 77844 73817 10011 77661
76327 15523 71471 21226 60726 92168
2000 63558 45810 29116 64167 76943
60754 62640 66036 22852 29906 85388
85481 96178 37941 23247 50278 30729
81906 82173 89324 12097 47342 21602
18611 92200 79349 73190 25081 49021
77641 76959 99271 54561 29488 85510
8404 41739 76162 16785 48003 30744
55163 13297 54862 31891 17965 60966
72824 88731 38842 45448 87118 66372
76882 32184 47696 57440 96894 61752
21275 87986 83647 41953 87335 19402
90093 41301 8843 50242 44088 22833
56151 42870 69172 46011 39173 62866
95348 53891 10114 33892 24772 88217
90184 54013 68594 73202 28271 12541
34207 34608 28966 52197 83672 60314
1565 32304 11884 2041 1717 42003
22346 69518 60874 21094 56465 32553
63065 76637 27477 10934 94346 5597
98540 84861 63935 55117 54458 36458
79638 6983 85163 79458 99962 35685
49858 22103 80925 17313 77044 97707
43349 5891 31216 18825 58650 28294
11900 20323 2285 49703 76285 54018
72836 83857 53577 80325 16471 31179
52301 32444 41487 44013 65755 81425
75286 23012 81528 94351 3974 12866
42084 18270 48410 91076 38973 75193
43701 27989 74128 31801 66474 84895
96745 1361 8041 29807 49345 20749
48687 73715 70371 21279 73103 33065
28194 14788 19105 23403 37980 57086
23810 30811 85133 85196 14806 22103
10645 65077 5399 82182 63725 4820
98381 94811 9204 73351 70958 90843
72425 68007 19395 41657 88470 97411
28732 59032 51949 45040 66725 71745
30715 2922 33950 23374 79565 21849
66308 70473 86437 70363 14280 64303
82078 3842 77529 67791 40527 47622
55285 98623 99909 11128 80041 99926
31468 3907 96931 30114 55027 12444
8916 76812 98450 45514 34444 75315
65419 95271 78024 77435 61088 38213
49457 91636 32552 96681 19035 10637
90417 78977 96450 48758 64923 65086
39516 31212 75648 77304 90407 34563
97412 2159 16302 35256 51332 95323
29777 65679 1460 59926 86578 2815
69798 10245 39000 41935 5536 6531
27471 49585 31550 90029 40063 43703
64355 24045 44186 55237 76106 85480
97574 93034 41153 78154 49855 36849
59936 297 6207 76892 19340 34035
45950 63685 17909 85714 4703 63219
3500 6767 66389 37768 44836 27972
57423 73274 87361 49053 8934 93152
25382 40913 1260 96306 92528 3783
62596 96713 38212 54904 40492 44444
31479 74454 6199 50843 11380 2214
77060 81017 31514 35336 50175 48565
76799 15488 72171 69170 16695 16886
67864 54355 70945 7025 16567 78706
31417 6272 53349 76615 58251 80143
62129 47650 73259 47890 89573 83678
43007 50732 60941 86699 6813 1060
34262 92251 35568 54284 4859 83550
80294 66465 59313 88444 97052 74316
8263 31241 76346 98308 91186 28796
79059 92453 7716 88943 12370 92721
30898 16422 33020 11220 75427 19113
76324 15994 10573 10634 87448 20721
84310 78789 92119 16253 30257 19589
21567 19974 14456 68456 57579 40618
72960 53669 63057 55037 88560 83372
58682 11862 70534 99418 56931 13278
98742 97100 85004 92524 97667 38684
23799 17147 98972 78976 36269 71543
88596 91915 61518 90917 88249 51022
11572 71977 84951 95398 34943 70050
4377 36355 94412 87028 4020 53885
5649 1116 38927 23655 62057 69691
99367 69475 69705 27784 21240 2925
67299 59651 24742 82667 75498 38780
20461 20344 43941 63857 45054 25549
50364 26708 91217 84427 20437 20568
37930 28895 10811 33158 96042 88469
58425 98319 7465 75705 44070 69962
20400 50641 1130 16981 2223 66385
45329 37300 19084 62541 48982 79141
95400 49670 36930 33557 73919 48448
50104 42424 79365 31726 82987 40535
76814 57282 66505 33008 99225 42670
74167 37607 24630 715 87332 29955
11743 98138 72088 54901 71988 89035
85941 60787 68094 40814 57743 94451
24731 56129 61843 65004 95522 89892
41522 42443 62889 35329 15869 36932
43413 91752 11615 94799 3076 79188
12466 68734 52696 9849 65554 53219
56493 61812 50058 95008 72711 63084
65077 58763 91304 184 3829 34361
98730 60430 48318 21226 34963 81552
40362 16506 71909 48742 53 63484
63438 86350 18817 54336 68302 73797
77451 16195 44403 66307 60401 10124
27100 21262 96487 1058 36379 31853
41260 50206 37246 34371 45408 4038
52689 87274 7599 47490 94206 3356
62045 79592 23502 53580 68357 53318
15058 68361 79963 20036 31369 67775
75751 97 29981 63441 31190 53487
31964 98229 16774 1235 5444 43279
43429 29128 75065 83954 75678 38222
86220 44478 86193 38827 70952 46047
49263 19690 73488 21164 72746 39713
46709 79837 42191 43064 7782 72189
33901 96305 64675 73427 90204 59323
56772 38513 42763 99430 50966 52953
65654 41449 77518 5357 63250 51846
15993 33202 21439 38959 72264 10627
57094 51422 60911 14340 39373 82596
70517 77448 29800 37754 53986 46209
40274 94390 50061 19587 20827 7651
81682 33720 45536 16539 52339 38926
33480 2972 19152 81229 64958 85604
12589 41469 79565 22170 37972 96460
97266 94963 89158 27168 88495 70750
65594 89107 49291 94161 13203 47525
44349 67040 53909 74583 76296 8393
82909 33396 2157 63064 39363 22241
95702 15196 90212 53324 61815 34254
36628 86510 89690 90230 32955 33706
46180 30293 62187 65521 20469 11707
49796 38893 36655 12882 87435 83157