632 158 4 594
61491 97280 68870 42340
90648 32529 20407 97543
11804 14693 88677 29726
21576 33562 99469 32716
61753 79496 28643 85154
33109 84190 18111 24900
29918 33808 17994 23876
89786 18430 15191 94146
52610 74003 87202 90362
44101 87265 97036 26170
88801 26897 75847 18686
41152 50508 96966 57626
56543 99091 59933 13336
79557 1121 95104 17153
49429 89344 31661 36711
2974 47754 83989 86564
54394 45389 31938 92709
74721 98854 76592 60448
19887 68458 89999 41761
65910 89304 53370 11421
7065 36371 1640 11488
4506 34049 24367 49989
62271 8831 65089 76753
60301 7604 35116 80107
6049 78202 79781 702
92344 6727 11401 37941
20148 84857 22158 41698
83970 33486 74408 3355
1656 54693 53938 91126
91213 32041 50932 62936
49370 68975 8278 85250
31253 4175 62706 42969
24090 26065 9254 36472
50231 42331 79407 80687
86247 67755 76664 95799
69131 83970 35124 8287
77130 4888 50652 1403
84782 26826 48505 81955
38150 12894 98776 6
63704 86588 85356 88068
11758 62226 65338 94105
1437 82678 63678 79515
62629 7545 55145 60532
99312 71709 78931 43344
29286 43658 27598 69931
2426 57087 44328 51854
28971 76539 46819 61337
44491 10307 63225 56886
90656 26994 37720 18585
2400 57046 29402 51026
92448 56486 24641 82224
42540 4144 69647 81521
99901 53158 14242 48162
76400 50216 99299 42983
93517 70706 17131 38453
31228 46716 22689 66113
68175 70171 63852 14965
21665 37506 10870 15059
18694 24319 11093 57432
18123 69869 79718 99326
34796 1396 17718 64948
8536 24741 12699 60012
92571 51101 12318 60494
62365 77329 18883 79700
31839 19085 12744 26430
46554 81989 45418 12600
84627 10980 3264 35985
66723 87102 88462 12849
18743 46868 61223 46426
19345 12654 33570 54339
71477 13032 79127 50468
27738 34821 65193 23063
26999 84930 76882 91272
81733 32240 79539 21034
3294 84135 88954 56603
57511 4322 10733 34853
29023 81001 60740 19830
68323 31950 87532 76459
33517 73273 843 29181
77933 19698 61590 24006
37783 29903 43734 98784
70189 44365 89827 74490
26461 43222 64259 57132
5700 44386 64000 98543
22108 20824 56515 30915
11771 48832 69953 91747
82101 61028 69358 28022
60464 43823 57730 76863
37083 36225 60397 51819
88332 99680 13220 95409
69816 79758 18061 75898
77847 45352 24790 90691
6156 67276 35279 61360
78861 78777 25498 4322
53320 36036 13627 58464
21704 65832 24185 57501
90353 81455 35204 74964
2684 6143 10194 5584
42962 28420 77954 64009
82136 93375 44190 6731
39083 19625 19706 16037
87969 24013 82276 83892
41814 28028 50780 57594
23346 12898 80454 63629
19239 61039 45882 3136
61849 15428 37134 1592
68353 69327 23060 12134
14179 55484 94438 40381
69565 35460 94941 8141
46813 843 43487 16132
26951 53559 28669 89991
62872 49356 71920 10601
7223 228 6072 8420
47077 97719 2263 11221
65802 32867 92658 43843
46058 65781 26218 80878
78505 47762 867 18464
5864 66087 14054 5256
95907 20097 43322 67917
11229 76953 65734 96342
28600 77989 53036 82623
18457 54119 76818 92631
59967 24436 32466 51358
81318 13265 4522 96150
40025 51361 91564 53069
514 6290 85775 7563
89616 26676 69201 86512
67597 14207 79905 288
81808 83894 95626 78023
99804 50096 31159 93952
11513 14232 29017 85695
33963 31979 61212 876
34030 88411 40360 50451
77110 61003 64246 26527
49095 62313 72300 50350
73013 78992 43703 64249
46008 96127 54450 92939
54953 20081 38332 28904
8257 84929 18660 38182
98619 20859 60200 98540
20630 35625 72904 60849
95068 84782 25624 57522
97609 5669 14392 41786
64022 38896 75653 15734
90354 34084 77632 7328
27045 70901 6949 79219
3195 83853 3019 25754
37610 22717 75573 53586
23603 36042 12760 82883
47687 81440 52899 31000
88544 1996 93451 37836
1064 29602 3955 27252
2688 69991 84253 6636
72893 89071 79944 1998
75868 45016 57849 58983
93814 63864 10429 83482
46731 65183 88979 53036
52500 13890 19122 26676