638 22 29 631
13469 3253 98282 50401 34362 12456 47806 57776 81459 46248 22638 86985 44103 55337 44196 24962 23796 88497 42634 26035 77532 20343 12750 70164 2064 23786 48298 4411 81755
31948 29748 28606 4990 84123 60992 56542 80974 40672 1533 22282 73254 59012 51203 66026 63539 59506 17973 28874 25992 87471 85059 55316 2070 67231 56396 14680 56170 28296
26238 65559 43582 81168 89145 71583 17106 80967 70156 584 793 40527 23750 26440 51538 13983 86770 88061 41147 95204 61519 58163 46770 98662 7384 16434 3183 98455 42018
93547 83451 93017 74056 98416 6904 58421 82030 74633 40223 14750 19222 42083 44805 75730 6751 64978 39690 35241 86479 96119 30164 29854 4358 66118 11652 95627 23522 57046
93480 76320 78105 13634 21840 50062 80251 25640 811 55537 27618 90453 84936 71217 11294 86876 18324 53651 75817 21355 25718 29715 29474 80031 99337 97243 63377 2448 15718
3178 42508 13499 46731 65849 441 59221 59206 62096 57501 81877 35401 82363 58517 69522 75397 81323 50439 56649 57266 57055 27248 4420 39878 9478 70883 90634 85099 52594
35149 58177 30740 74212 88412 16984 27039 12754 86598 68138 55269 88107 1077 43888 24293 2898 94729 58422 34910 19792 58396 30662 94169 85722 42825 75487 18198 12081 72553
72154 24100 17122 90101 78779 34537 22763 33385 78053 24206 94035 28514 86641 40341 50001 62389 37250 25150 83580 88360 97386 41614 8307 42452 12492 65813 40782 72387 45280
90565 36220 91370 37080 54595 81431 26537 55612 9806 38849 73884 85385 68558 98481 51024 91733 67378 29838 96647 57156 76102 4883 40139 16644 93770 44357 30472 92914 13331
2290 29690 26265 98279 73668 5393 33321 47233 976 70620 81897 44411 51288 747 49116 81827 72239 78017 93797 57217 97918 43002 24404 40914 91627 74959 47621 56388 82888
16697 78982 31214 41972 64737 1251 32223 45965 1551 27331 12472 10476 87374 1484 55632 71311 87622 25266 85125 40184 34408 99068 66088 58452 76420 28376 80145 3381 31620
23383 18041 67666 3142 59135 10920 77843 27475 6143 73881 90736 95242 78285 10795 21948 42612 47363 94501 9102 64192 39472 66719 54144 88903 52132 48355 11593 53166 47421
65163 52798 36581 63316 30087 24034 16140 14285 245 26601 61380 54978 27587 63613 58068 83981 52661 35963 898 15719 22996 46210 97924 67338 74946 41919 67738 59059 51034
50543 27080 73902 56359 33237 92071 42690 13725 42174 91415 65933 94778 86148 72804 62710 30881 83698 51972 61277 53900 8167 74246 83129 16327 40540 25798 26396 13376 23027
70252 69094 41357 49107 47799 41604 76008 21491 91398 76054 17159 66541 72324 48339 46660 62198 79718 4278 43660 71051 45707 1367 30695 58771 1005 24015 39777 92671 92528
65724 13259 75393 80623 72276 97699 25254 7694 85013 63671 52479 54965 34059 7707 91205 57 54858 2092 93031 99177 13699 91701 31824 37816 19425 93748 76756 12016 30178
66052 39742 7274 70166 39573 35969 73752 14948 18660 2523 12614 3869 83776 45353 56942 21604 30379 96745 43125 5155 60264 78360 8922 50221 29985 38160 26687 88380 36264
83330 4396 67472 73341 61460 51862 35530 2069 73506 68378 16954 32349 57131 91404 44802 82399 59612 32403 49433 9254 77379 81599 62025 42825 27654 31630 59471 95467 14711
7521 57665 98010 74582 75730 30045 60181 37290 6262 56430 82363 98489 45139 15208 93568 42406 69181 88261 66826 50608 54737 63001 35911 36895 83481 64746 24203 91151 40522
33896 95985 93142 74248 74045 92691 83508 18381 52542 14292 80662 96577 49655 98537 4517 44421 77650 61336 67275 25660 51147 84142 23695 27250 29227 30496 58050 78851 98633
99287 14662 68629 43442 98929 17815 37305 47920 42737 33958 81351 73299 98855 96224 27906 73458 86816 10171 13429 48496 16430 98296 73412 80434 96253 95491 34922 32322 98605
48443 59492 38048 73698 45048 81488 65321 28381 89972 63384 3226 13466 65606 92453 94033 26569 55957 97140 46291 84892 64774 66997 11887 73263 4354 54671 78670 36084 75613