598 23 26 8
68769 21426 50719 14956 83432 6938 43409 43390 62529 23652 40123 45356 82882 78069 59319 38235 52782 92489 3276 63234 54943 99592 87962 2347 65157 43773
57324 15277 48389 24998 14886 83673 28746 84690 25319 30012 41453 81824 44419 36644 38151 41803 89769 10535 37416 80972 42361 25629 7626 32526 68709 42671
68078 60587 85834 78388 12293 76973 33877 93701 59582 44852 79050 61918 41952 9927 90737 26365 70850 39369 13817 15133 99161 62297 79049 93555 8288 54717
47838 53578 9841 31995 14385 40533 67120 84891 22237 62531 43602 23260 89004 52577 66343 270 69667 23019 33602 81983 95769 24714 16053 30717 43542 60984
64437 55736 54919 89858 56900 90014 69504 49665 28518 12860 59632 77990 12624 78484 49756 28758 61819 19084 64588 923 45443 12080 433 33070 69161 56450
88526 17336 9104 61554 49690 76887 59554 51472 56656 22064 73574 27268 92351 1784 87810 57584 58511 39591 38647 74092 67803 17170 76366 64389 90737 12716
5632 82865 59526 50348 90013 22495 80345 880 50763 8371 16820 58918 8673 9818 13546 96825 89949 33791 12304 63646 51555 57157 64958 62666 88721 14581
78577 75477 72722 41421 51428 97802 97703 82140 67881 86582 27974 44723 62894 95986 50639 41098 39581 23347 42559 84520 2007 82650 36714 69033 71551 39423
48217 81775 72199 61847 63169 9655 24945 17258 11918 64258 91004 18061 3102 36527 96649 60338 13037 99606 5367 35250 91529 88676 56193 94179 26887 64122
40306 97698 31556 74810 91550 6878 63757 34798 94557 69130 91320 82117 89859 46319 2661 8220 67341 15767 9778 72343 29182 428 26887 35772 96337 32
1574 26131 87027 94617 99 75766 95590 55001 51181 4088 42896 66801 53969 59088 27946 70289 82615 42589 66985 16162 29332 4870 62696 89073 44438 25800
5940 43329 7217 65108 39621 84290 65325 59953 26675 68026 25930 61103 90865 16727 36418 58869 18261 87533 59675 64353 60060 47465 64249 33256 49746 78338
53829 51878 63123 57243 94283 97219 39305 17565 23225 88186 36380 3121 34432 51653 42340 43650 65302 62063 34288 39150 19304 39964 74276 80493 84594 31828
17141 33744 55081 53672 34505 83437 6154 64131 47710 3883 78405 3718 16997 77243 85558 39781 99973 43902 8622 64115 93303 48404 52667 96442 37720 34060
19462 5373 71975 59671 67079 34330 83343 57622 51621 33963 8268 80467 87967 82886 49998 3257 72657 60777 37989 11901 81936 48919 57781 57576 28199 92242
56430 21566 55522 41252 71661 63801 89855 73502 89857 97616 69418 51601 21777 95994 56381 58912 67378 18747 37423 41077 5203 95361 99577 83282 15030 33038
72374 47126 37443 97122 48537 9515 3782 82228 70311 50634 20192 98160 89840 3339 64653 92874 9527 26719 96083 68600 59882 30502 75093 55219 22865 41352
83548 53956 29282 48934 77120 54927 34854 36062 72806 70487 22001 57917 42378 32494 11083 45398 73531 98409 13600 10048 87703 60078 85089 7958 26866 84056
7045 72815 33080 72319 40626 24103 24250 47047 32715 54890 52478 92561 59653 89191 62381 50544 69236 27396 58457 85611 97722 19975 52165 33553 88006 23978
2752 15028 99566 52905 3819 5531 40729 18808 72122 6208 50912 75168 65680 32525 56914 52556 22073 16530 75653 87867 81863 34720 79463 60367 15516 43517
99357 45338 70856 19355 24711 76769 29488 17501 74945 66657 87203 92056 20685 51252 22361 19568 14674 18122 77 86829 26241 40391 76931 56463 7507 23877
73711 28163 49483 85932 25552 95076 89334 83278 93242 82471 87311 78341 38058 37813 57537 7206 76183 27558 87574 22925 92413 79288 85469 4288 80949 86281
62814 83645 91003 55345 78011 71025 88123 36900 67451 87461 56901 13718 5196 83830 13367 30587 42443 73269 58689 71902 79880 63148 13398 627 16408 14759